000111111
001001110
001000001
010010000
001110000
010010000
001110000
010010000
001110000
010010000
001001101
001110000
001000010
000010010
001000011
010010010
000010010
001000100
001110011
001110000
001110000
010000000
010000000
010000000
010000000
010000000
010000000
010000000
001110000
001110000
001110000
001110000
001110000
001110000
001000101
000110011
001110011
001110000
001110000
001110000
001110000
010000000
010000000
000000101
001000101
001110100
001110000
001110000
001110000
001110000
001110000
001110000
000000101
001000101
000110100
001000110
001000111
001110110
001000110
000000111
001000111
001110110
001000110
000000111
001000111
001110110
001000110
000000111
001000111
001110110
001000110
000000111
001000111
001110110
001000110
000000111
001000111
001110110
001000110
000000111
001000111
000110111
001000110
000110100
001000111
001001000
001111000
001001000
000000111
001000111
001111000
001001000
000000111
100000010
110101111
001000111
001111000
001001000
000000111
001000111
000110011
001001000
000000111
001000111
001111000
001001000
000000111
001000111
001111000
001001000
000000111
001000111
000110100
001001000
001001001
001111001
001001001
000001000
001001000
001111001
001110000
001110000
001001001
000001000
001001000
001111001
001001001
000001000
001001000
000110011
001001001
000001000
001001000
001111001
001001001
000001000
001001000
001111001
001110000
001110000
000001000
001001000
000110100
001001001
001001010
001111010
001110000
001001010
000001001
001001001
001111010
001110000
001001010
000001001
001001001
001111010
001110000
001001010
000001001
001001001
000110011
001001010
000001001
001001001
001111010
001110000
001001010
000001001
001001001
001111010
001110000
001001010
000001001
001001001
000110110
001001010
000110011
001001011
000001010
001001010
001111011
001001011
000001010
001001010
001111011
001001011
000001010
001001010
001111011
001110000
001001011
000001010
001001010
000110101
001001011
100000010
110011010
000001010
001001010
001111011
001001011
000001010
001001010
001111011
001001011
000001010
001001010
001111011
001001011
000001010
001001010
010000110
010000000
010000000
010000000
010000000
010000000
010000000
001110000
001110000
001110000
001110000
001110000
001110000
001110000
001000110
010000111
010000000
010000000
010000000
010000000
010000000
010000000
001110000
001110000
001110000
001110000
001110000
001110000
001110000
001000111
010001000
010000000
010000000
010000000
010000000
010000000
010000000
001110000
001110000
001110000
001110000
001110000
001110000
001110000
001001000
010001001
010000000
010000000
010000000
010000000
010000000
010000000
001110000
001110000
001110000
001110000
001110000
001110000
001110000
001001001
010001010
010000000
010000000
010000000
010000000
010000000
010000000
001110000
001110000
001110000
001110000
001110000
001110000
001110000
001001010
010000111
000000110
001000110
010001000
010000000
000000110
001000110
010001001
010000000
010000000
000000110
100000010
110011010
001000110
010001010
010000000
010000000
010000000
000000110
001000110
000000101
001000111
000111101
001001100
000110101
000000110
001110000
001110000
001110000
001110000
010000000
010000000
010000000
010000000
010000000
010000000
010000000
001001101
101100101
000110111
010000000
010000000
010000000
001001101
100101011
000111100
001001101
000110100
010000000
010000000
010000000
010000000
010000000
001001011
000110100
010000000
001110000
001110000
001110000
001110000
001001010
000110011
010000000
010000000
010000000
010000000
010000000
001110000
000001010
001001010
000110011
001110000
001110000
001110000
001110000
010000000
010000000
010000000
010000000
010000000
010000000
010000000
000001010
001001010
000111100
001001101
100110100
000110100
010000000
010000000
010000000
010000000
010000000
001001011
000110100
010000000
001110000
001110000
001110000
001110000
001001010
000110011
010000000
010000000
010000000
010000000
010000000
001110000
000001010
000110011
001110000
001110000
001110000
100000010
110011010
001110000
010000000
010000000
010000000
010000000
010000000
010000000
010000000
000001010
001001010
000111111
010010000
001110000
001110000
001110000
001110000
001110000
001110000
001110000
000001011
001001011
000111100
001001101
101010000
000111111
010010000
001110000
001110000
001110000
001110000
001110000
001110000
001001011
001110000
001000110
000110111
001001001
001111001
001001000
010111001
001001001
001111000
001001000
010111001
001001001
001111000
001001000
010111001
001001001
000110100
000001001
010000000
010000000
010000000
010000000
010000000
010000000
010000000
001110000
001110000
000001011
001001011
000110111
001001001
001111001
001001000
010111001
001001001
001111000
001001000
010111001
001001001
001110111
001110000
001110000
000000110
010111001
001001001
000110100
001110000
000001001
010000000
010000000
010000000
010000000
010000000
010000000
010000000
001110000
000001011
001001011
000110111
001001001
001111001
001001000
010111001
001001001
001111000
001110000
001001000
010111001
001001001
100000010
100110010
001110111
001110000
000000110
010111001
001001001
000110100
001110000
001110000
000001001
010000000
010000000
100000010
110001011
010000000
010000000
010000000
010000000
010000000
000001011
001001011
000110111
001001001
001111001
001001000
010111001
001001001
001110111
001110000
000000110
010111001
001001001
001110111
001110000
001110000
000000110
010111001
100000010
111100111
001001001
000110100
001110000
001110000
001110000
000001001
010000000
010000000
010000000
010000000
100000010
101111100
010000000
010000000
010000000
001110000
001110000
001110000
001110000
001110000
001110000
001110000
001001010
000110111
001001001
001111001
001110000
001001000
010111001
001001001
001111000
010111001
001001001
001110111
000000110
010111001
001001001
000110100
001110000
001110000
001110000
001110000
000001001
010000000
010000000
010000000
010000000
010000000
010000000
010000000
001110000
001110000
001110000
001110000
001110000
001110000
000001010
001001010
000110111
001001001
001111001
001110000
010111001
001001001
001110111
000000110
010111001
001001001
001110111
001110000
001110000
000000110
010111001
001001001
000110100
001110000
001110000
001110000
001110000
001110000
000001001
010000000
010000000
010000000
010000000
010000000
010000000
010000000
001110000
001110000
001110000
001110000
001110000
000001010
001001010
000110111
001001001
001111001
001110000
001110000
010111001
001001001
100000010
110011000
001110111
000000110
010111001
001001001
001110111
001110000
000000110
010111001
001001001
000110100
001110000
001110000
001110000
001110000
001110000
001110000
000001001
010000000
010000000
010000000
010000000
010000000
010000000
010000000
001110000
001110000
001110000
001110000
000001010
001001010
100000010
101111001
000110111
001110000
001001001
001111001
001001000
010111001
001001001
001111000
010111001
001001001
000110111
000000110
010111001
001001001
000110011
000001001
010000000
010000000
010000000
010000000
010000000
010000000
010000000
001110000
001110000
001110000
000001010
100000010
111000011
001001010
000110111
001110000
001001001
001111001
010111001
001001001
000110111
000000110
010111001
001001001
001110111
001110000
001110000
000000110
010111001
001001001
000110011
001110000
000001001
010000000
010000000
010000000
010000000
010000000
010000000
010000000
001110000
001110000
000001010
001001010
000110111
001110000
001001001
001111001
001110000
010111001
001001001
000110111
000000110
010111001
001001001
001110111
001110000
000000110
010111001
001001001
000110011
001110000
001110000
000001001
010000000
010000000
010000000
010000000
010000000
010000000
010000000
001110000
000001010
001001010
000110111
001110000
001110000
001001001
001111001
010111001
001001001
000110111
000000110
010111001
001001001
001110111
000000110
010111001
001001001
000110011
001110000
001110000
001110000
001110000
000001001
010000000
010000000
010000000
010000000
010000000
010000000
010000000
000001010
001001010
000111100
010100000
001001101
000111010
000100001
010010001
000111011
000100001
010010001
010010010
110011010
011110000
