000111111
001001110
010010000
001110000
010010000
001110000
010010000
001110000
010010000
001001101
001110000
001001100
000111111
001000001
000010001
001000011
010010001
000010001
001000100
001110100
001110000
001110000
001110000
001110000
001000101
010000011
010000000
010000000
000000101
001000101
010000101
001000101
001110101
001000111
000110101
010000000
001000110
000000101
001000101
010000110
001000110
000000101
001000101
010000110
001000110
000000101
001000101
010000110
001000110
000000101
001000101
010000110
001000110
000000101
001000101
010000110
000000101
001000101
000111111
010010000
010110101
000000111
001000101
010000011
001110000
001110000
001110000
001110000
001110000
001000110
001110011
001110000
001110000
100000010
111000100
001110000
001110000
001110000
001110000
010000000
010000000
010000000
010000000
000000110
001000110
001110100
001110000
001110000
001110000
001110000
001000111
001110000
001001000
000000111
001000111
001111000
000000111
001000111
000110011
000000111
001000111
000110110
001001000
000000111
001000111
001111000
001001000
000000111
001000111
001111000
000000111
010000000
010000000
010000000
010000000
010000000
010000000
010000000
001110000
001110000
001110000
001110000
000000110
001000110
000110100
001110000
001110000
001110000
001110000
001110000
001000111
001110000
000000111
001000111
000110011
001110000
001001000
000000111
001000111
001111000
001001000
000000111
001000111
001111000
001110000
001001000
000000111
001000111
001111000
001001000
000000111
001000111
001111000
001110000
000000111
010000000
010000000
010000000
010000000
010000000
010000000
010000000
001110000
001110000
000000110
001000110
000110100
001110000
001110000
001110000
001110000
001110000
001000111
001110000
001110000
000000111
100000010
110011001
001000111
000110011
001110000
001001000
000000111
001000111
001111000
001110000
001001000
000000111
001000111
001111000
001001000
000000111
001000111
001111000
001110000
001001000
000000111
001000111
001111000
000000111
010000000
010000000
010000000
010000000
010000000
010000000
010000000
001110000
000000110
001000110
010000000
001000111
010000000
001001000
000000111
001000111
010001000
001001000
000000111
001000111
010001000
001001000
000000111
001000111
010001000
001001000
000000111
001000111
010001000
001001000
000000111
001000111
010001000
000000111
001000111
000110101
001001000
000000111
001000111
010001000
001001000
000000111
001000111
010001000
001001000
000000111
001000111
010001000
001001000
000000111
001000111
010001000
001001000
000000111
001000111
010001000
001001000
000000111
001000111
010001000
001001000
000000111
001000111
010001000
000000111
001000111
000111111
010010000
010110111
000000110
000101100
010011100
000110101
000101100
010010001
010011100
010101101
110011100
011110000
